[(1.9636688232421875, 1.63037109375, -1.1716156005859375, -1.0224194526672363, -0.11112359166145325, -3.2469139099121094), (1.9636688232421875, 1.63037109375, -1.1716156005859375, -1.2625317573547363, 0.3003332018852234, -2.173722505569458), (-2.0063323974609375, 1.41876220703125, -0.10015869140625, 4.3718647956848145, 2.3220224380493164, 6.2736334800720215), (-1.979949951171875, 0.2905731201171875, 0.212615966796875, 3.5938704013824463, 2.589430332183838, 3.2707386016845703), (-1.9680633544921875, -0.2176513671875, 0.404998779296875, 1.8297210931777954, 3.5197739601135254, -0.16045784950256348)]

[(1.956024169921875, 1.956268310546875, -1.6049346923828125, -2.4291787147521973, 1.700040340423584, 9.48535442352295), (-0.44793701171875, 2.0000762939453125, -1.1120147705078125, -0.04397597908973694, -2.298922300338745, 21.120689392089844), (-0.44793701171875, 2.0000762939453125, -1.1120147705078125, 0.5471349954605103, -2.2818968296051025, 21.59508514404297), (-2.0206451416015625, 2.0248870849609375, -1.8596649169921875, 0.5471349954605103, -2.2818968296051025, 21.59508514404297), (-1.97296142578125, -0.0101776123046875, -0.046905517578125, 3.2823758125305176, 1.7638659477233887, 1.693016529083252), (-1.968017578125, -0.220458984375, 0.173065185546875, 3.2823758125305176, 1.7638659477233887, 1.693016529083252), (-1.968017578125, -0.220458984375, 0.173065185546875, 2.427314281463623, 2.42050838470459, 0.5867434144020081), (-1.9655609130859375, -0.32769775390625, -0.0260162353515625, 1.2082418203353882, 2.7108259201049805, -0.09945947676897049)]

[(1.9731597900390625, 1.224822998046875, -0.9567718505859375, -1.2913659811019897, 0.7294294238090515, 2.33337140083313), (1.9574127197265625, 1.8979339599609375, -1.3711395263671875, -1.7645665407180786, 0.9241962432861328, 4.016180992126465), (1.9574127197265625, 1.8979339599609375, -1.3711395263671875, -1.7645665407180786, 0.9241962432861328, 4.016180992126465), (1.956024169921875, 1.956207275390625, -1.6195068359375, -1.9939318895339966, 0.5234320759773254, 6.011569499969482), (-2.0206451416015625, 2.0260467529296875, -1.5364837646484375, 1.3710565567016602, 0.8772047758102417, 11.552177429199219), (-2.0206451416015625, 2.0262603759765625, -1.4802093505859375, 1.2537211179733276, -2.202235698699951, 10.114214897155762), (-2.0206451416015625, 2.0262603759765625, -1.4802093505859375, 1.2537211179733276, -2.202235698699951, 10.114214897155762), (-2.0206451416015625, 2.0262603759765625, -1.4802093505859375, 1.9403232336044312, -1.771851897239685, 7.94812536239624), (-1.89495849609375, -0.4664154052734375, -0.1478118896484375, 0.9980776906013489, 0.7106595039367676, -1.1881715059280396), (-1.64080810546875, -0.436553955078125, -0.205352783203125, 0.9980776906013489, 0.7106595039367676, -1.1881715059280396), (-1.64080810546875, -0.436553955078125, -0.205352783203125, 0.9980776906013489, 0.7106595039367676, -1.1881715059280396), (-1.64080810546875, -0.436553955078125, -0.205352783203125, 0.9980776906013489, 0.7106595039367676, -1.1881715059280396)]

[(1.5233001708984375, 0.544158935546875, -0.7839202880859375, -1.0479975938796997, -0.009970076382160187, -0.1714058369398117), (1.5233001708984375, 0.544158935546875, -0.7839202880859375, -0.9700739979743958, -0.36691221594810486, 0.4903215169906616), (1.5233001708984375, 0.544158935546875, -0.7839202880859375, -0.9700739979743958, -0.36691221594810486, 0.4903215169906616), (1.559234619140625, 0.5947418212890625, -0.800933837890625, -0.9700739979743958, -0.36691221594810486, 0.4903215169906616), (1.5789642333984375, 1.9629058837890625, -1.5951690673828125, -1.4248441457748413, 0.5520240068435669, 13.509428977966309), (0.5894317626953125, 1.9802093505859375, -1.5935516357421875, -1.4248441457748413, 0.5520240068435669, 13.509428977966309), (0.5894317626953125, 1.9802093505859375, -1.5935516357421875, -0.8767416477203369, 0.0027055053506046534, 17.60353660583496), (-1.7803497314453125, 2.0207672119140625, -1.83587646484375, -0.8767416477203369, 0.0027055053506046534, 17.60353660583496), (-1.96728515625, -0.2545318603515625, -0.2510528564453125, 2.3875198364257812, 2.307310104370117, 2.0390138626098633), (-1.9659881591796875, -0.3093719482421875, -0.1424407958984375, 2.3875198364257812, 2.307310104370117, 2.0390138626098633), (-1.9659881591796875, -0.3093719482421875, -0.1424407958984375, 1.8675813674926758, 1.8834788799285889, 0.712949275970459)]

[(1.9560394287109375, 1.958831787109375, -0.8936004638671875, -1.9660544395446777, -0.34240609407424927, 1.4521503448486328), (1.9560394287109375, 1.958831787109375, -0.8936004638671875, -2.2154104709625244, -0.27731630206108093, 3.377246141433716), (1.9560394287109375, 1.958831787109375, -0.8936004638671875, -2.2154104709625244, -0.27731630206108093, 3.377246141433716), (1.9560394287109375, 1.958831787109375, -0.8936004638671875, -2.2154104709625244, -0.27731630206108093, 3.377246141433716), (-2.0206451416015625, 2.024627685546875, -1.929534912109375, 0.8543626070022583, 0.9854239225387573, 14.548384666442871), (-2.008026123046875, 1.4855499267578125, -1.542144775390625, 0.8543626070022583, 0.9854239225387573, 14.548384666442871), (-2.008026123046875, 1.4855499267578125, -1.542144775390625, 1.606655478477478, -0.2043403536081314, 10.593320846557617), (-1.9851226806640625, 0.5051422119140625, -1.2689208984375, 1.9325447082519531, -0.9832337498664856, 8.453171730041504)]

[(1.956024169921875, 1.9566497802734375, -1.4962310791015625, -2.1370387077331543, -2.240800142288208, 1.3592036962509155), (1.956024169921875, 1.9566497802734375, -1.4962310791015625, -2.1370387077331543, -2.240800142288208, 1.3592036962509155), (1.956024169921875, 1.9566497802734375, -1.4962310791015625, -2.1370387077331543, -2.240800142288208, 1.3592036962509155), (1.956024169921875, 1.9561767578125, -1.62725830078125, -2.1370387077331543, -2.240800142288208, 1.3592036962509155), (-2.010162353515625, 1.5777587890625, -1.4022674560546875, 0.5988418459892273, -1.7321820259094238, 12.286593437194824), (-2.010162353515625, 1.5777587890625, -1.4022674560546875, 0.9055261611938477, -3.850173234939575, 9.37527084350586), (-2.010162353515625, 1.5777587890625, -1.4022674560546875, 0.9055261611938477, -3.850173234939575, 9.37527084350586), (-1.98980712890625, 0.707000732421875, -1.091033935546875, 2.118119955062866, -0.7822897434234619, 6.643222808837891)]

[(1.5858306884765625, 1.5873260498046875, -1.004730224609375, -0.5525355935096741, 0.5180556774139404, 2.566448450088501), (1.5858306884765625, 1.5873260498046875, -1.004730224609375, -0.5525355935096741, 0.5180556774139404, 2.566448450088501), (1.6854400634765625, 1.962738037109375, -1.1234130859375, -0.5525355935096741, 0.5180556774139404, 2.566448450088501), (1.6854400634765625, 1.962738037109375, -1.1234130859375, -0.5525355935096741, 0.5180556774139404, 2.566448450088501), (-2.0152435302734375, 1.79754638671875, -0.906036376953125, 3.0897135734558105, -1.3873921632766724, 10.492030143737793), (-2.0037078857421875, 1.3042755126953125, -0.66607666015625, 3.0897135734558105, -1.3873921632766724, 10.492030143737793), (-1.98284912109375, 0.4117279052734375, -0.3772125244140625, 2.835048198699951, -0.1776416301727295, 7.762697219848633), (-1.98284912109375, 0.4117279052734375, -0.3772125244140625, 2.835048198699951, -0.1776416301727295, 7.762697219848633)]

[(1.956024169921875, 1.958038330078125, -1.1138763427734375, -0.9366089701652527, -0.26980963349342346, 6.423974514007568), (1.956024169921875, 1.958038330078125, -1.1138763427734375, -0.9366089701652527, -0.26980963349342346, 6.423974514007568), (1.956024169921875, 1.9578094482421875, -1.1769561767578125, -0.9691075682640076, 1.5309679508209229, 11.758069038391113), (1.956024169921875, 1.9578094482421875, -1.1769561767578125, -0.9691075682640076, 1.5309679508209229, 11.758069038391113), (-2.0206451416015625, 2.0254364013671875, -1.7082672119140625, 2.186007261276245, 0.6251509785652161, 12.940041542053223), (-2.0206451416015625, 2.0262451171875, -1.484100341796875, 3.540480375289917, 1.0517033338546753, 9.959783554077148), (-2.0206451416015625, 2.0262451171875, -1.484100341796875, 3.540480375289917, 1.0517033338546753, 9.959783554077148), (-2.007965087890625, 1.4874114990234375, -0.4824066162109375, 5.102837562561035, -1.113050103187561, 6.28778076171875)]

[(1.7608184814453125, 1.12060546875, -0.5330963134765625, -0.3480844795703888, 0.5197526216506958, -2.1283962726593018), (1.7820892333984375, 1.297760009765625, -0.51995849609375, -0.554624080657959, -0.12034585326910019, -0.5654045343399048), (1.7820892333984375, 1.297760009765625, -0.51995849609375, -0.554624080657959, -0.12034585326910019, -0.5654045343399048), (1.6649017333984375, 1.5489654541015625, -0.593505859375, -0.554624080657959, -0.12034585326910019, -0.5654045343399048), (1.230224609375, 1.9689788818359375, -1.59869384765625, -1.5782984495162964, -0.34185799956321716, 16.97562026977539), (1.230224609375, 1.9689788818359375, -1.59869384765625, -1.5782984495162964, -0.34185799956321716, 16.97562026977539), (-0.5045928955078125, 1.9982452392578125, -1.894775390625, -0.34100764989852905, -2.2299435138702393, 19.567777633666992), (-2.020660400390625, 2.024505615234375, -1.9644775390625, 1.2352886199951172, -1.7935622930526733, 20.11057472229004), (-1.9866790771484375, 0.5778350830078125, 0.0111846923828125, 3.562237024307251, 1.3553924560546875, 3.0667338371276855), (-1.9866790771484375, 0.5778350830078125, 0.0111846923828125, 2.3187243938446045, 1.977921724319458, 1.9630576372146606), (-1.97589111328125, 0.1146392822265625, -0.163177490234375, 2.3187243938446045, 1.977921724319458, 1.9630576372146606), (-1.97589111328125, 0.1146392822265625, -0.163177490234375, 1.1873453855514526, 1.672314167022705, 0.7809253931045532)]

[(1.434783935546875, 0.86505126953125, -0.8085479736328125, -0.6663665771484375, 1.5900030136108398, -3.201669216156006), (1.434783935546875, 0.86505126953125, -0.8085479736328125, -0.6663665771484375, 1.5900030136108398, -3.201669216156006), (1.5230865478515625, 1.014251708984375, -0.8355255126953125, -0.6663665771484375, 1.5900030136108398, -3.201669216156006), (1.956024169921875, 1.957275390625, -1.325439453125, -2.65394926071167, 1.9285589456558228, 5.439988136291504), (1.956024169921875, 1.957275390625, -1.325439453125, -2.65394926071167, 1.9285589456558228, 5.439988136291504), (1.956024169921875, 1.9575653076171875, -1.244903564453125, -2.5348188877105713, 1.269352912902832, 10.064623832702637), (1.956024169921875, 1.9575653076171875, -1.244903564453125, -1.054030179977417, -1.5055129528045654, 15.805075645446777), (-1.9893646240234375, 0.6917572021484375, -0.1235198974609375, 4.136250972747803, 0.5971336960792542, 5.43331241607666), (-1.9893646240234375, 0.6917572021484375, -0.1235198974609375, 4.136250972747803, 0.5971336960792542, 5.43331241607666), (-1.9893646240234375, 0.6917572021484375, -0.1235198974609375, 4.136250972747803, 0.5971336960792542, 5.43331241607666), (-1.9849700927734375, 0.5048065185546875, -0.0054168701171875, 4.136250972747803, 0.5971336960792542, 5.43331241607666)]
