[(1.9636688232421875, 1.63037109375, -1.1716156005859375, -1.0224194526672363, -0.11112359166145325, -3.2469139099121094), (1.9636688232421875, 1.63037109375, -1.1716156005859375, -1.2625317573547363, 0.3003332018852234, -2.173722505569458), (-2.0063323974609375, 1.41876220703125, -0.10015869140625, 4.3718647956848145, 2.3220224380493164, 6.2736334800720215), (-1.979949951171875, 0.2905731201171875, 0.212615966796875, 3.5938704013824463, 2.589430332183838, 3.2707386016845703), (-1.9680633544921875, -0.2176513671875, 0.404998779296875, 1.8297210931777954, 3.5197739601135254, -0.16045784950256348)]

[(1.956024169921875, 1.956268310546875, -1.6049346923828125, -2.4291787147521973, 1.700040340423584, 9.48535442352295), (-0.44793701171875, 2.0000762939453125, -1.1120147705078125, -0.04397597908973694, -2.298922300338745, 21.120689392089844), (-0.44793701171875, 2.0000762939453125, -1.1120147705078125, 0.5471349954605103, -2.2818968296051025, 21.59508514404297), (-2.0206451416015625, 2.0248870849609375, -1.8596649169921875, 0.5471349954605103, -2.2818968296051025, 21.59508514404297), (-1.97296142578125, -0.0101776123046875, -0.046905517578125, 3.2823758125305176, 1.7638659477233887, 1.693016529083252), (-1.968017578125, -0.220458984375, 0.173065185546875, 3.2823758125305176, 1.7638659477233887, 1.693016529083252), (-1.968017578125, -0.220458984375, 0.173065185546875, 2.427314281463623, 2.42050838470459, 0.5867434144020081), (-1.9655609130859375, -0.32769775390625, -0.0260162353515625, 1.2082418203353882, 2.7108259201049805, -0.09945947676897049)]

[(1.9731597900390625, 1.224822998046875, -0.9567718505859375, -1.2913659811019897, 0.7294294238090515, 2.33337140083313), (1.9574127197265625, 1.8979339599609375, -1.3711395263671875, -1.7645665407180786, 0.9241962432861328, 4.016180992126465), (1.9574127197265625, 1.8979339599609375, -1.3711395263671875, -1.7645665407180786, 0.9241962432861328, 4.016180992126465), (1.956024169921875, 1.956207275390625, -1.6195068359375, -1.9939318895339966, 0.5234320759773254, 6.011569499969482), (-2.0206451416015625, 2.0260467529296875, -1.5364837646484375, 1.3710565567016602, 0.8772047758102417, 11.552177429199219), (-2.0206451416015625, 2.0262603759765625, -1.4802093505859375, 1.2537211179733276, -2.202235698699951, 10.114214897155762), (-2.0206451416015625, 2.0262603759765625, -1.4802093505859375, 1.2537211179733276, -2.202235698699951, 10.114214897155762), (-2.0206451416015625, 2.0262603759765625, -1.4802093505859375, 1.9403232336044312, -1.771851897239685, 7.94812536239624), (-1.89495849609375, -0.4664154052734375, -0.1478118896484375, 0.9980776906013489, 0.7106595039367676, -1.1881715059280396), (-1.64080810546875, -0.436553955078125, -0.205352783203125, 0.9980776906013489, 0.7106595039367676, -1.1881715059280396), (-1.64080810546875, -0.436553955078125, -0.205352783203125, 0.9980776906013489, 0.7106595039367676, -1.1881715059280396), (-1.64080810546875, -0.436553955078125, -0.205352783203125, 0.9980776906013489, 0.7106595039367676, -1.1881715059280396)]

[(1.5233001708984375, 0.544158935546875, -0.7839202880859375, -1.0479975938796997, -0.009970076382160187, -0.1714058369398117), (1.5233001708984375, 0.544158935546875, -0.7839202880859375, -0.9700739979743958, -0.36691221594810486, 0.4903215169906616), (1.5233001708984375, 0.544158935546875, -0.7839202880859375, -0.9700739979743958, -0.36691221594810486, 0.4903215169906616), (1.559234619140625, 0.5947418212890625, -0.800933837890625, -0.9700739979743958, -0.36691221594810486, 0.4903215169906616), (1.5789642333984375, 1.9629058837890625, -1.5951690673828125, -1.4248441457748413, 0.5520240068435669, 13.509428977966309), (0.5894317626953125, 1.9802093505859375, -1.5935516357421875, -1.4248441457748413, 0.5520240068435669, 13.509428977966309), (0.5894317626953125, 1.9802093505859375, -1.5935516357421875, -0.8767416477203369, 0.0027055053506046534, 17.60353660583496), (-1.7803497314453125, 2.0207672119140625, -1.83587646484375, -0.8767416477203369, 0.0027055053506046534, 17.60353660583496), (-1.96728515625, -0.2545318603515625, -0.2510528564453125, 2.3875198364257812, 2.307310104370117, 2.0390138626098633), (-1.9659881591796875, -0.3093719482421875, -0.1424407958984375, 2.3875198364257812, 2.307310104370117, 2.0390138626098633), (-1.9659881591796875, -0.3093719482421875, -0.1424407958984375, 1.8675813674926758, 1.8834788799285889, 0.712949275970459)]

[(1.9560394287109375, 1.958831787109375, -0.8936004638671875, -1.9660544395446777, -0.34240609407424927, 1.4521503448486328), (1.9560394287109375, 1.958831787109375, -0.8936004638671875, -2.2154104709625244, -0.27731630206108093, 3.377246141433716), (1.9560394287109375, 1.958831787109375, -0.8936004638671875, -2.2154104709625244, -0.27731630206108093, 3.377246141433716), (1.9560394287109375, 1.958831787109375, -0.8936004638671875, -2.2154104709625244, -0.27731630206108093, 3.377246141433716), (-2.0206451416015625, 2.024627685546875, -1.929534912109375, 0.8543626070022583, 0.9854239225387573, 14.548384666442871), (-2.008026123046875, 1.4855499267578125, -1.542144775390625, 0.8543626070022583, 0.9854239225387573, 14.548384666442871), (-2.008026123046875, 1.4855499267578125, -1.542144775390625, 1.606655478477478, -0.2043403536081314, 10.593320846557617), (-1.9851226806640625, 0.5051422119140625, -1.2689208984375, 1.9325447082519531, -0.9832337498664856, 8.453171730041504)]

[(1.956024169921875, 1.9566497802734375, -1.4962310791015625, -2.1370387077331543, -2.240800142288208, 1.3592036962509155), (1.956024169921875, 1.9566497802734375, -1.4962310791015625, -2.1370387077331543, -2.240800142288208, 1.3592036962509155), (1.956024169921875, 1.9566497802734375, -1.4962310791015625, -2.1370387077331543, -2.240800142288208, 1.3592036962509155), (1.956024169921875, 1.9561767578125, -1.62725830078125, -2.1370387077331543, -2.240800142288208, 1.3592036962509155), (-2.010162353515625, 1.5777587890625, -1.4022674560546875, 0.5988418459892273, -1.7321820259094238, 12.286593437194824), (-2.010162353515625, 1.5777587890625, -1.4022674560546875, 0.9055261611938477, -3.850173234939575, 9.37527084350586), (-2.010162353515625, 1.5777587890625, -1.4022674560546875, 0.9055261611938477, -3.850173234939575, 9.37527084350586), (-1.98980712890625, 0.707000732421875, -1.091033935546875, 2.118119955062866, -0.7822897434234619, 6.643222808837891)]

[(1.5858306884765625, 1.5873260498046875, -1.004730224609375, -0.5525355935096741, 0.5180556774139404, 2.566448450088501), (1.5858306884765625, 1.5873260498046875, -1.004730224609375, -0.5525355935096741, 0.5180556774139404, 2.566448450088501), (1.6854400634765625, 1.962738037109375, -1.1234130859375, -0.5525355935096741, 0.5180556774139404, 2.566448450088501), (1.6854400634765625, 1.962738037109375, -1.1234130859375, -0.5525355935096741, 0.5180556774139404, 2.566448450088501), (-2.0152435302734375, 1.79754638671875, -0.906036376953125, 3.0897135734558105, -1.3873921632766724, 10.492030143737793), (-2.0037078857421875, 1.3042755126953125, -0.66607666015625, 3.0897135734558105, -1.3873921632766724, 10.492030143737793), (-1.98284912109375, 0.4117279052734375, -0.3772125244140625, 2.835048198699951, -0.1776416301727295, 7.762697219848633), (-1.98284912109375, 0.4117279052734375, -0.3772125244140625, 2.835048198699951, -0.1776416301727295, 7.762697219848633)]

[(1.956024169921875, 1.958038330078125, -1.1138763427734375, -0.9366089701652527, -0.26980963349342346, 6.423974514007568), (1.956024169921875, 1.958038330078125, -1.1138763427734375, -0.9366089701652527, -0.26980963349342346, 6.423974514007568), (1.956024169921875, 1.9578094482421875, -1.1769561767578125, -0.9691075682640076, 1.5309679508209229, 11.758069038391113), (1.956024169921875, 1.9578094482421875, -1.1769561767578125, -0.9691075682640076, 1.5309679508209229, 11.758069038391113), (-2.0206451416015625, 2.0254364013671875, -1.7082672119140625, 2.186007261276245, 0.6251509785652161, 12.940041542053223), (-2.0206451416015625, 2.0262451171875, -1.484100341796875, 3.540480375289917, 1.0517033338546753, 9.959783554077148), (-2.0206451416015625, 2.0262451171875, -1.484100341796875, 3.540480375289917, 1.0517033338546753, 9.959783554077148), (-2.007965087890625, 1.4874114990234375, -0.4824066162109375, 5.102837562561035, -1.113050103187561, 6.28778076171875)]

[(1.7608184814453125, 1.12060546875, -0.5330963134765625, -0.3480844795703888, 0.5197526216506958, -2.1283962726593018), (1.7820892333984375, 1.297760009765625, -0.51995849609375, -0.554624080657959, -0.12034585326910019, -0.5654045343399048), (1.7820892333984375, 1.297760009765625, -0.51995849609375, -0.554624080657959, -0.12034585326910019, -0.5654045343399048), (1.6649017333984375, 1.5489654541015625, -0.593505859375, -0.554624080657959, -0.12034585326910019, -0.5654045343399048), (1.230224609375, 1.9689788818359375, -1.59869384765625, -1.5782984495162964, -0.34185799956321716, 16.97562026977539), (1.230224609375, 1.9689788818359375, -1.59869384765625, -1.5782984495162964, -0.34185799956321716, 16.97562026977539), (-0.5045928955078125, 1.9982452392578125, -1.894775390625, -0.34100764989852905, -2.2299435138702393, 19.567777633666992), (-2.020660400390625, 2.024505615234375, -1.9644775390625, 1.2352886199951172, -1.7935622930526733, 20.11057472229004), (-1.9866790771484375, 0.5778350830078125, 0.0111846923828125, 3.562237024307251, 1.3553924560546875, 3.0667338371276855), (-1.9866790771484375, 0.5778350830078125, 0.0111846923828125, 2.3187243938446045, 1.977921724319458, 1.9630576372146606), (-1.97589111328125, 0.1146392822265625, -0.163177490234375, 2.3187243938446045, 1.977921724319458, 1.9630576372146606), (-1.97589111328125, 0.1146392822265625, -0.163177490234375, 1.1873453855514526, 1.672314167022705, 0.7809253931045532)]

[(1.434783935546875, 0.86505126953125, -0.8085479736328125, -0.6663665771484375, 1.5900030136108398, -3.201669216156006), (1.434783935546875, 0.86505126953125, -0.8085479736328125, -0.6663665771484375, 1.5900030136108398, -3.201669216156006), (1.5230865478515625, 1.014251708984375, -0.8355255126953125, -0.6663665771484375, 1.5900030136108398, -3.201669216156006), (1.956024169921875, 1.957275390625, -1.325439453125, -2.65394926071167, 1.9285589456558228, 5.439988136291504), (1.956024169921875, 1.957275390625, -1.325439453125, -2.65394926071167, 1.9285589456558228, 5.439988136291504), (1.956024169921875, 1.9575653076171875, -1.244903564453125, -2.5348188877105713, 1.269352912902832, 10.064623832702637), (1.956024169921875, 1.9575653076171875, -1.244903564453125, -1.054030179977417, -1.5055129528045654, 15.805075645446777), (-1.9893646240234375, 0.6917572021484375, -0.1235198974609375, 4.136250972747803, 0.5971336960792542, 5.43331241607666), (-1.9893646240234375, 0.6917572021484375, -0.1235198974609375, 4.136250972747803, 0.5971336960792542, 5.43331241607666), (-1.9893646240234375, 0.6917572021484375, -0.1235198974609375, 4.136250972747803, 0.5971336960792542, 5.43331241607666), (-1.9849700927734375, 0.5048065185546875, -0.0054168701171875, 4.136250972747803, 0.5971336960792542, 5.43331241607666)]
^C(rewave)[~/D/projects/rewave/apps/data_logger] ⚓  
(rewave)[~/D/projects/rewave/apps/data_logger] ⚓  python data_logger.py 

[(-1.6867523193359375, 0.8983306884765625, -1.516571044921875, -0.34918516874313354, -0.4091331958770752, -2.8891263008117676), (-1.71490478515625, 0.9749603271484375, -1.726348876953125, -0.34918516874313354, -0.4091331958770752, -2.8891263008117676), (-1.9126434326171875, 1.203338623046875, -1.9647674560546875, -0.45557019114494324, -0.8179047107696533, -3.228492498397827), (-1.9126434326171875, 1.203338623046875, -1.9647674560546875, -0.1269845813512802, -1.8140758275985718, -3.3469948768615723), (0.17230224609375, 1.986236572265625, -1.9422760009765625, 2.5418355464935303, -1.6931896209716797, -19.995018005371094), (1.9560089111328125, 1.955108642578125, -1.924224853515625, 8.151632308959961, -3.1484646797180176, -17.823972702026367), (1.9560089111328125, 1.955108642578125, -1.924224853515625, 11.12303638458252, -6.209445953369141, -12.157659530639648), (1.586761474609375, 1.9615631103515625, -1.9279632568359375, 12.37131404876709, -7.431879997253418, -8.247852325439453), (1.81439208984375, 1.3773956298828125, -0.42437744140625, 2.998128652572632, -0.9336361289024353, 4.910345554351807), (1.2870941162109375, 0.9189300537109375, -0.2538909912109375, 2.998128652572632, -0.9336361289024353, 4.910345554351807), (1.2870941162109375, 0.9189300537109375, -0.2538909912109375, 1.8648929595947266, -0.04760906472802162, 5.030358791351318), (1.2870941162109375, 0.9189300537109375, -0.2538909912109375, 1.8648929595947266, -0.04760906472802162, 5.030358791351318)]

[(-1.8485260009765625, 1.091796875, -1.9643096923828125, -0.7335909008979797, -1.6283456087112427, -3.7043497562408447), (-1.8485260009765625, 1.091796875, -1.9643096923828125, -0.7335909008979797, -1.6283456087112427, -3.7043497562408447), (-2.0014495849609375, 1.2019195556640625, -1.9656829833984375, -0.7780219912528992, -3.018516778945923, -3.822341203689575), (-2.0014495849609375, 1.2019195556640625, -1.9656829833984375, -0.7780219912528992, -3.018516778945923, -3.822341203689575), (1.48809814453125, 1.9632720947265625, -1.928955078125, 5.7299017906188965, -1.232239007949829, -19.1980037689209), (1.48809814453125, 1.9632720947265625, -1.928955078125, 9.374641418457031, -1.6728938817977905, -13.619429588317871), (1.48809814453125, 1.9632720947265625, -1.928955078125, 9.374641418457031, -1.6728938817977905, -13.619429588317871), (1.51641845703125, 1.9627838134765625, -1.928680419921875, 12.501936912536621, -3.881110668182373, -9.135965347290039), (1.4372100830078125, 1.3489532470703125, -0.0235748291015625, 0.04171761870384216, 0.8653912544250488, 3.6799612045288086), (1.4372100830078125, 1.3489532470703125, -0.0235748291015625, 0.04171761870384216, 0.8653912544250488, 3.6799612045288086)]

[(-1.3603515625, 1.09552001953125, -1.5721282958984375, -0.9195452928543091, -1.2516913414001465, -4.2407050132751465), (-1.3603515625, 1.09552001953125, -1.5721282958984375, -0.9195452928543091, -1.2516913414001465, -4.2407050132751465), (-1.62664794921875, 1.16766357421875, -1.7193145751953125, -1.24099600315094, -1.464525818824768, -4.546241760253906), (-1.62664794921875, 1.16766357421875, -1.7193145751953125, -1.7131036520004272, -2.740360736846924, -4.817145824432373), (-0.707794189453125, 2.0015869140625, -1.9511871337890625, 4.556125164031982, -2.5813183784484863, -21.49020767211914), (0.1078338623046875, 1.98736572265625, -1.94293212890625, 4.556125164031982, -2.5813183784484863, -21.49020767211914), (0.1078338623046875, 1.98736572265625, -1.94293212890625, 6.155790328979492, -0.7283625602722168, -21.00419044494629), (0.5513153076171875, 1.9796295166015625, -1.938446044921875, 6.155790328979492, -0.7283625602722168, -21.00419044494629), (1.668853759765625, 1.9659423828125, -0.320037841796875, 2.3182213306427, 1.1420340538024902, 1.9455156326293945), (1.11712646484375, 1.50732421875, -0.3070068359375, 0.31709885597229004, 0.5336501002311707, 4.499160289764404), (1.11712646484375, 1.50732421875, -0.3070068359375, 0.31709885597229004, 0.5336501002311707, 4.499160289764404), (1.11712646484375, 1.50732421875, -0.3070068359375, 0.31709885597229004, 0.5336501002311707, 4.499160289764404)]

[(-1.690155029296875, 0.5882720947265625, -0.8436431884765625, -0.8678621649742126, -0.9379786252975464, -0.24762684106826782), (-1.7767791748046875, 1.0341033935546875, -1.2115631103515625, -1.4036192893981934, -1.0351313352584839, -1.723572015762329), (-1.7767791748046875, 1.0341033935546875, -1.2115631103515625, -1.691759467124939, -0.9851818680763245, -2.8687779903411865), (-1.82305908203125, 1.091766357421875, -1.3041229248046875, -2.0427746772766113, -1.1586029529571533, -3.5668153762817383), (-2.020660400390625, 2.024505615234375, -1.9644775390625, -1.875091552734375, -7.257858753204346, -11.89057731628418), (-2.020660400390625, 2.024505615234375, -1.9644775390625, -1.3422406911849976, -7.882035255432129, -14.403157234191895), (-2.020660400390625, 2.024505615234375, -1.9644775390625, -1.3422406911849976, -7.882035255432129, -14.403157234191895), (-2.020660400390625, 2.024505615234375, -1.9644775390625, -0.9381818771362305, -6.330179214477539, -17.683979034423828), (1.903289794921875, 1.959808349609375, -0.8805389404296875, 6.0371551513671875, -3.483893632888794, -5.347620964050293), (1.903289794921875, 1.959808349609375, -0.8805389404296875, 6.0371551513671875, -3.483893632888794, -5.347620964050293), (1.9560394287109375, 1.9599761962890625, -0.5772247314453125, 6.0371551513671875, -3.483893632888794, -5.347620964050293), (1.9560394287109375, 1.9599761962890625, -0.5772247314453125, 6.0371551513671875, -3.483893632888794, -5.347620964050293)]

[(-1.510528564453125, 0.46478271484375, -0.6003875732421875, 0.7121995687484741, 0.30650055408477783, 2.4281325340270996), (-1.510528564453125, 0.46478271484375, -0.6003875732421875, 0.7121995687484741, 0.30650055408477783, 2.4281325340270996), (-1.510528564453125, 0.46478271484375, -0.6003875732421875, 0.17000368237495422, 0.23659150302410126, 1.6984832286834717), (-2.008026123046875, 1.4859771728515625, -1.4237518310546875, -2.271183729171753, -2.1656506061553955, -4.927865982055664), (-2.016143798828125, 1.8311920166015625, -1.9647674560546875, -3.1213343143463135, -4.45947790145874, -5.3686699867248535), (-2.016143798828125, 1.8311920166015625, -1.9647674560546875, -3.1213343143463135, -4.45947790145874, -5.3686699867248535), (-2.016143798828125, 1.8311920166015625, -1.9647674560546875, -3.1213343143463135, -4.45947790145874, -5.3686699867248535), (-0.6443023681640625, 2.00048828125, -1.9505462646484375, 0.8142372965812683, -1.5531425476074219, -20.674510955810547), (-0.6443023681640625, 2.00048828125, -1.9505462646484375, 0.8142372965812683, -1.5531425476074219, -20.674510955810547), (-0.3151092529296875, 1.9947357177734375, -1.9472198486328125, 2.0963735580444336, 1.0155032873153687, -20.580236434936523), (-0.3151092529296875, 1.9947357177734375, -1.9472198486328125, 2.0963735580444336, 1.0155032873153687, -20.580236434936523), (1.9560394287109375, 1.960418701171875, -0.4539794921875, 3.01369571685791, -0.16641640663146973, 0.11817005276679993), (1.75579833984375, 1.9638671875, -0.4686126708984375, 2.258852005004883, -0.1727408766746521, 3.4164021015167236), (1.75579833984375, 1.9638671875, -0.4686126708984375, 2.258852005004883, -0.1727408766746521, 3.4164021015167236), (1.75579833984375, 1.9638671875, -0.4686126708984375, 2.258852005004883, -0.1727408766746521, 3.4164021015167236)]

[(-1.7747802734375, 0.4901580810546875, -0.8553314208984375, -0.05072283372282982, -0.11967846751213074, -0.9877435564994812), (-1.80780029296875, 0.565521240234375, -0.891448974609375, -0.05072283372282982, -0.11967846751213074, -0.9877435564994812), (-1.80780029296875, 0.565521240234375, -0.891448974609375, -0.05072283372282982, -0.11967846751213074, -0.9877435564994812), (-1.80780029296875, 0.565521240234375, -0.891448974609375, -0.05072283372282982, -0.11967846751213074, -0.9877435564994812), (-2.020660400390625, 2.024505615234375, -1.9644775390625, -1.720386028289795, -5.188565254211426, -9.83977222442627), (-2.020660400390625, 2.024505615234375, -1.9644775390625, -1.720386028289795, -5.188565254211426, -9.83977222442627), (-2.020660400390625, 2.024505615234375, -1.9644775390625, -2.078566312789917, -6.67289400100708, -12.182411193847656), (-2.020660400390625, 2.024505615234375, -1.9644775390625, -2.078566312789917, -6.67289400100708, -12.182411193847656), (1.171600341796875, 1.9687957763671875, -1.932159423828125, 10.215201377868652, -2.9334535598754883, -6.820979595184326), (1.5535736083984375, 1.9642791748046875, -1.3382568359375, 10.215201377868652, -2.9334535598754883, -6.820979595184326), (1.5535736083984375, 1.9642791748046875, -1.3382568359375, 10.215201377868652, -2.9334535598754883, -6.820979595184326), (1.5535736083984375, 1.9642791748046875, -1.3382568359375, 10.215201377868652, -2.9334535598754883, -6.820979595184326), (1.2502593994140625, 0.90631103515625, -0.648284912109375, 1.4180941581726074, -2.210679531097412, 3.3686583042144775)]

[(-1.8699493408203125, 0.51068115234375, -0.54864501953125, 0.6491670608520508, 0.12418186664581299, 0.5803720355033875), (-1.876373291015625, 0.6597137451171875, -0.531951904296875, 0.3805294930934906, -0.19945478439331055, -0.2646103501319885), (-1.876373291015625, 0.6597137451171875, -0.531951904296875, 0.3805294930934906, -0.19945478439331055, -0.2646103501319885), (-1.876373291015625, 0.6597137451171875, -0.531951904296875, 0.3805294930934906, -0.19945478439331055, -0.2646103501319885), (-2.020660400390625, 2.024505615234375, -1.9644775390625, -3.955476760864258, -3.660536050796509, -7.068508148193359), (-2.020660400390625, 2.024505615234375, -1.9644775390625, -3.955476760864258, -3.660536050796509, -7.068508148193359), (-2.020660400390625, 2.024505615234375, -1.9644775390625, -3.955476760864258, -3.660536050796509, -7.068508148193359), (-2.020660400390625, 2.024505615234375, -1.9644775390625, -3.955476760864258, -3.660536050796509, -7.068508148193359), (0.7964935302734375, 1.975341796875, -1.9359588623046875, 8.803059577941895, -2.2378337383270264, -11.98372745513916), (0.7964935302734375, 1.975341796875, -1.9359588623046875, 8.803059577941895, -2.2378337383270264, -11.98372745513916), (1.05438232421875, 1.9708404541015625, -1.933349609375, 8.803059577941895, -2.2378337383270264, -11.98372745513916), (1.83294677734375, 1.9585113525390625, -1.579010009765625, 8.803059577941895, -2.2378337383270264, -11.98372745513916)]

[(-1.5576934814453125, 0.3504791259765625, -0.8077545166015625, 1.1795819997787476, 1.0147056579589844, 0.9822307825088501), (-1.7396240234375, 0.4898834228515625, -0.7588958740234375, 0.876062273979187, 0.4389722943305969, 0.7684343457221985), (-1.7396240234375, 0.4898834228515625, -0.7588958740234375, 0.5796178579330444, -0.15888339281082153, 0.6506645679473877), (-1.990264892578125, 0.7277069091796875, -0.81927490234375, 0.1261315643787384, -0.6282588839530945, 0.2719833254814148), (-2.020660400390625, 2.024505615234375, -1.9644775390625, -3.5373032093048096, -4.206132411956787, -6.653900623321533), (-2.020660400390625, 2.024505615234375, -1.9644775390625, -3.5373032093048096, -4.206132411956787, -6.653900623321533), (-2.020660400390625, 2.024505615234375, -1.9644775390625, -3.5768213272094727, -5.49209451675415, -8.906579971313477), (-2.020660400390625, 2.024505615234375, -1.9644775390625, -3.5768213272094727, -5.49209451675415, -8.906579971313477), (1.264404296875, 1.9671783447265625, -1.9312286376953125, 6.575343132019043, -3.4435243606567383, -10.85366439819336), (1.264404296875, 1.9671783447265625, -1.9312286376953125, 6.575343132019043, -3.4435243606567383, -10.85366439819336), (1.264404296875, 1.9671783447265625, -1.9312286376953125, 6.575343132019043, -3.4435243606567383, -10.85366439819336), (1.6766357421875, 1.9608917236328125, -1.6786041259765625, 6.575343132019043, -3.4435243606567383, -10.85366439819336)]

[(-1.5126190185546875, 0.2586212158203125, -1.1820526123046875, 3.20505428314209, 2.813174247741699, 8.32047176361084), (-1.5126190185546875, 0.2586212158203125, -1.1820526123046875, 3.20505428314209, 2.813174247741699, 8.32047176361084)]

[(-1.4934844970703125, 1.153045654296875, -1.300689697265625, -1.8075758218765259, -0.6597398519515991, -3.9813318252563477), (-1.4934844970703125, 1.153045654296875, -1.300689697265625, -2.3030757904052734, -1.0215613842010498, -4.161225318908691), (-1.369781494140625, 1.3745269775390625, -1.6231689453125, -2.3030757904052734, -1.0215613842010498, -4.161225318908691), (-1.369781494140625, 1.3745269775390625, -1.6231689453125, -2.3030757904052734, -1.0215613842010498, -4.161225318908691), (-0.688262939453125, 2.001251220703125, -1.95098876953125, 2.0377354621887207, -5.909036636352539, -21.803985595703125), (-0.1197357177734375, 1.9913330078125, -1.9452362060546875, 2.0377354621887207, -5.909036636352539, -21.803985595703125), (-0.1197357177734375, 1.9913330078125, -1.9452362060546875, 2.075942277908325, -4.1998066902160645, -23.288803100585938), (1.3015289306640625, 1.9665374755859375, -1.93084716796875, 2.075942277908325, -4.1998066902160645, -23.288803100585938), (1.9560546875, 1.9643402099609375, 0.6270904541015625, 2.8619329929351807, 0.09056319296360016, -1.035283088684082), (1.44366455078125, 1.241180419921875, 0.1897735595703125, -0.4464978575706482, -1.3523918390274048, 4.831052303314209), (1.44366455078125, 1.241180419921875, 0.1897735595703125, -0.4464978575706482, -1.3523918390274048, 4.831052303314209), (1.44366455078125, 1.241180419921875, 0.1897735595703125, -0.4464978575706482, -1.3523918390274048, 4.831052303314209)]
